Aaliyah : 1.2844834
Noah : 7.0813613
Jazmine : 3.6961322
Juan : 9.564463
Aiden : 4.7073703
Sofia : 1.3198037
Omar : 1.3890159
Gianna : 13.859741
Xavier : 12.540327
Leilani : 6.9805946
Amir : 15.106502
Yara : 4.259439
Malik : 1.2346519
Nia : 15.015896
Andres : 0.58499235
Saniyah : 8.292348
Elijah : 0.080574416
Maya : 5.030025
Mateo : 8.74846
Amara : 4.5235295
Adrian : 11.818468
Asha : 0.11391444
Jayden : 7.514749
Kira : 0.0074016787
Diego : 1.566364
Ava : 5.419165
Alejandro : 14.923798
Anaya : 12.305129
Gabriel : 4.265282
Kai : 0.008018485
Omarion : 12.536561
Mira : 1.6070733
Josiah : 7.161027
Samira : 8.926717
Hassan : 4.013625
Leyla : 15.17565
Jaden : 14.641657
Nyla : 15.932211
Zaid : 5.185071
Emani : 8.738915
Jeremiah : 5.6302104
Fatima : 4.6973715
Micah : 12.066554
Nasir : 9.650133
Ruby : 0.95290124
Zariah : 6.3299937
Kendrick : 0.15903871
Zayna : 3.4838533
Ezequiel : 9.816087
Sariyah : 1.3469107
